5 5 5 5 5 5 5 5 5 5 5 5 5 5 5 5 5 5 5 5 5 5 5 5 5 5 5 5 5 5 
30 30 30 30 30 30 30 30 30 30 30 30 30 30 30 30 30 30 30 30 30 30 30 30 30 30 30 30 30 30 
14 15 14 14 14 14 15 14 15 15 15 14 14 15 15 14 15 15 15 15 15 15 15 15 15 15 15 15 15 14 
15 15 15 15 14 15 14 15 15 15 15 15 15 15 15 14 14 15 15 15 15 15 14 14 15 15 14 15 14 14 
21 25 29 23 23 29 25 22 25 25 25 22 14 20 25 22 22 20 25 25 20 25 25 25 22 25 25 25 25 23 
25 25 22 25 24 20 30 25 25 22 25 25 20 25 22 23 23 25 22 25 25 25 10 30 25 25 22 20 23 27 
28 7 39 40 26 33 6 41 6 5 6 39 31 7 7 23 30 6 27 7 6 7 7 6 32 7 30 7 7 21 
7 7 29 6 26 6 52 7 7 24 6 7 5 6 42 29 25 6 39 7 7 7 17 56 6 6 23 6 29 39 
50 38 50 38 34 43 28 46 51 25 35 42 35 29 41 40 50 27 23 36 28 38 32 38 29 53 53 39 38 33 
56 50 37 38 25 34 21 48 38 32 29 28 23 36 43 34 31 34 38 31 29 30 35 63 34 22 32 28 50 52 
80 36 62 35 41 52 34 43 62 26 62 43 31 27 46 32 43 49 24 30 35 65 49 46 26 59 35 37 61 38 
88 63 36 45 53 34 30 47 44 36 27 48 28 35 39 58 34 34 65 39 38 20 47 57 36 30 27 53 59 75 
75 35 63 31 40 51 35 44 62 31 63 53 37 30 52 46 54 47 24 35 41 67 73 44 29 48 40 61 71 52 
77 62 44 40 51 30 28 40 72 38 27 60 51 31 44 74 60 56 77 40 38 17 50 63 60 30 35 48 55 84 
77 29 65 57 37 62 63 51 51 26 61 51 35 33 59 49 59 50 47 61 34 43 70 71 26 42 46 66 97 85 
80 38 36 62 58 54 34 41 44 37 69 66 58 27 73 80 30 52 88 52 33 40 47 75 68 37 37 47 79 83 
69 34 103 59 59 51 74 74 23 48 57 52 32 63 50 53 94 38 53 38 26 31 76 71 30 33 38 71 76 100 
75 43 19 61 78 65 27 46 38 42 49 72 68 58 91 61 37 34 88 58 38 51 49 85 73 36 29 43 91 96 
56 28 101 85 79 56 70 76 21 70 68 82 56 53 34 63 74 43 82 36 31 41 78 68 27 59 56 91 67 49 
87 36 49 80 59 63 27 71 40 39 44 60 62 54 92 51 30 37 63 66 38 46 49 74 75 71 33 50 93 98 
48 18 92 60 71 66 112 45 26 56 75 61 64 47 28 35 74 43 90 28 60 29 72 106 24 74 28 91 64 54 
73 34 49 55 65 48 28 81 34 37 51 61 67 22 97 45 19 54 71 37 27 71 49 74 72 71 56 57 100 91 
79 19 92 66 77 65 102 14 58 52 60 61 70 47 22 37 106 51 117 35 61 56 54 112 49 70 29 81 69 46 
58 34 83 53 57 43 57 84 58 42 50 25 68 42 66 62 22 76 82 65 58 86 45 76 54 70 50 65 33 106 
83 33 98 93 68 67 94 14 58 55 80 62 87 81 25 31 68 42 102 30 96 65 74 123 53 68 26 57 76 6 
49 61 79 55 48 35 52 95 64 68 49 22 67 18 72 62 22 75 74 90 54 48 43 107 48 34 53 93 23 68 
81 23 94 63 57 72 58 18 58 61 75 67 92 52 30 20 64 45 77 47 93 66 64 89 22 75 25 26 72 6 
59 78 65 21 60 37 53 96 32 61 42 22 71 20 62 31 21 52 60 76 77 53 48 110 50 28 59 94 9 102 
81 51 63 66 64 66 45 20 53 52 82 88 73 70 11 18 88 79 93 79 92 72 64 94 16 71 52 51 107 6 
75 75 72 39 79 31 58 108 35 58 70 26 59 9 38 16 55 51 88 110 87 83 47 108 50 58 27 95 44 99 
52 55 68 29 58 38 118 41 79 68 70 92 73 74 17 48 83 97 63 73 88 70 42 97 45 74 57 45 69 5 
88 76 37 38 81 31 56 109 54 57 73 18 58 10 26 18 75 50 98 111 95 82 53 86 51 60 26 91 44 88 
11 73 64 64 64 38 84 48 80 67 70 97 81 70 12 46 90 78 51 78 96 71 42 95 45 77 88 40 124 20 
84 75 76 38 54 50 21 79 56 61 83 5 58 12 29 9 101 55 98 113 85 76 35 98 29 57 52 96 45 97 
55 70 96 68 56 35 83 66 84 66 42 94 83 108 17 48 46 80 37 74 100 70 44 87 56 78 62 32 112 12 
21 76 74 46 59 50 27 84 44 53 80 7 82 11 14 12 96 58 16 109 103 73 23 100 29 26 80 96 48 94 
41 78 94 68 43 20 43 70 90 66 43 89 74 80 13 18 42 83 70 82 104 42 44 83 61 76 91 33 106 10 
44 76 74 44 60 42 59 73 45 53 75 11 123 12 17 8 100 51 38 106 111 72 25 64 63 59 106 77 48 109 
5 71 92 68 77 71 45 68 77 83 19 120 80 73 48 34 81 102 69 84 96 69 45 50 59 81 83 34 100 9 
41 82 76 44 64 44 12 39 44 53 78 11 87 13 13 9 109 56 42 80 103 48 51 30 33 60 103 75 51 111 
14 44 59 104 39 71 43 59 113 56 17 116 76 107 46 36 91 94 71 79 88 72 44 79 56 82 58 43 103 11 
42 76 38 43 56 44 89 38 37 56 89 44 84 51 50 7 115 56 42 81 110 52 58 24 37 53 47 75 43 66 
11 43 94 106 70 39 7 94 114 45 14 88 81 75 14 68 35 96 73 82 90 77 10 42 87 53 60 38 99 103 
49 78 63 45 54 44 48 41 77 55 84 44 83 86 37 9 103 52 66 42 110 48 57 61 45 51 48 71 43 97 
20 64 91 67 70 70 13 93 51 17 70 83 79 74 43 36 35 104 95 86 92 76 39 42 66 50 77 35 99 13 
10 75 32 44 53 44 48 6 73 89 49 45 50 79 39 8 97 51 67 78 78 45 47 67 41 86 50 78 45 57 
13 39 73 67 65 38 8 92 51 21 72 59 47 105 14 34 42 80 91 82 115 84 40 71 67 50 72 37 93 12 
10 80 58 52 53 45 50 8 68 80 54 42 86 42 34 41 80 14 36 76 74 42 70 66 43 50 22 68 43 59 
44 66 51 58 39 48 8 92 47 17 74 58 47 110 39 43 42 110 37 83 115 85 11 74 53 53 76 9 61 12 
5 48 63 43 55 43 47 10 37 84 55 46 71 41 34 48 79 15 79 75 103 48 81 101 45 45 51 68 74 57 
42 71 55 62 70 83 13 95 55 24 76 60 84 114 39 83 44 78 66 83 118 87 0 44 43 9 75 40 63 23 
10 45 36 68 22 43 49 43 37 77 50 44 77 40 32 41 79 20 76 72 72 44 0 49 44 47 55 68 77 60 
39 69 58 92 72 81 50 60 14 18 75 58 83 76 43 44 44 83 66 46 121 91 0 79 45 44 79 10 93 25 
13 73 34 70 21 44 85 46 44 79 84 45 75 37 44 43 74 11 68 70 73 46 0 52 42 80 55 70 80 57 
41 75 45 88 78 83 13 59 14 50 77 56 87 69 34 45 44 54 66 47 124 88 0 82 49 41 114 43 60 10 
52 69 35 66 20 40 46 42 46 82 56 46 75 39 43 41 78 9 65 67 73 53 0 9 85 49 60 66 113 90 
49 49 77 83 84 78 13 53 13 48 44 58 51 97 33 9 41 43 99 45 114 86 0 115 48 35 75 39 60 10 
9 61 69 77 58 40 50 41 44 80 51 44 68 43 50 45 80 8 50 72 45 52 0 5 44 82 55 75 78 94 
51 77 79 81 81 79 13 62 14 49 44 90 85 70 32 12 39 42 99 43 112 48 0 114 46 35 81 45 66 51 
47 40 34 82 49 42 46 79 46 104 46 47 64 36 44 44 114 20 32 69 82 50 0 8 44 80 53 81 80 30 
8 77 83 72 86 84 46 21 16 47 45 93 88 105 77 45 41 39 99 46 118 54 0 82 14 41 79 41 53 43 
46 44 32 111 43 42 47 77 46 78 41 10 66 36 44 47 71 4 33 75 43 7 0 14 45 82 56 103 46 24 
11 79 75 109 83 80 48 26 50 46 83 96 87 100 33 81 39 41 83 54 123 53 0 123 11 40 73 41 57 45 
45 45 33 82 44 42 45 72 11 66 41 10 71 44 42 48 107 14 71 45 81 6 0 9 39 81 51 81 46 45 
11 71 47 111 85 78 45 11 47 37 78 87 79 66 35 50 36 43 52 50 121 43 0 117 12 41 74 35 61 43 
45 70 30 43 43 41 52 73 11 66 9 12 70 43 45 43 114 9 80 45 81 43 0 7 38 45 54 77 41 42 
13 78 47 113 80 81 85 8 46 41 49 92 80 103 2 83 33 41 54 46 118 44 0 117 11 6 48 41 62 45 
44 71 31 43 48 45 47 76 10 70 8 9 40 41 44 43 114 9 77 77 78 34 0 6 36 81 56 72 39 43 
12 86 40 116 78 74 85 10 46 13 77 95 84 75 3 71 35 42 89 43 115 13 0 124 13 42 40 42 57 45 
45 41 78 45 39 41 41 79 49 71 45 47 72 43 45 47 111 13 112 71 83 34 0 11 34 79 52 85 42 44 
12 56 80 121 80 83 82 8 49 17 45 92 56 104 33 77 38 39 85 39 44 14 0 82 13 83 77 42 57 45 
46 45 37 43 42 45 42 80 48 70 42 47 70 48 43 44 82 48 80 112 85 34 0 50 37 80 85 70 43 43 
12 51 83 115 46 79 81 6 15 15 44 96 58 103 34 78 35 39 98 84 76 42 0 119 13 81 31 14 62 48 
7 44 39 72 43 9 45 80 45 71 39 49 70 50 42 46 114 48 87 39 79 43 0 39 41 115 86 71 4 42 
54 54 49 98 82 79 83 12 15 15 76 93 48 74 34 40 40 42 68 43 110 44 0 124 13 36 37 37 60 45 
7 71 39 40 3 11 46 81 45 56 37 51 68 49 41 44 85 48 77 42 106 34 0 38 40 75 86 104 43 48 
54 57 83 76 87 79 82 9 50 14 47 87 47 106 41 37 40 41 80 43 114 42 0 122 11 37 43 52 55 47 
7 34 41 73 4 42 46 84 8 14 39 48 75 46 45 44 117 50 39 44 78 34 0 41 37 102 44 12 109 126 
50 77 79 79 78 51 80 4 48 12 78 98 76 78 79 78 37 6 117 41 119 39 0 122 13 9 3 42 62 44 
16 37 72 81 39 39 48 79 48 11 41 45 41 46 41 43 75 48 43 42 111 33 0 5 37 99 46 6 119 48 
48 47 81 109 48 52 46 16 48 11 78 59 10 44 77 76 44 5 120 85 115 73 0 90 13 78 43 47 53 47 
10 37 38 78 5 41 44 79 82 41 38 46 76 43 78 44 73 50 43 82 108 51 0 41 49 109 48 10 86 85 
50 45 81 63 9 22 83 13 49 44 83 94 82 83 2 76 75 40 119 87 75 45 0 52 7 45 8 41 55 45 
13 37 75 109 4 37 46 76 8 41 39 50 116 45 49 43 76 50 46 44 81 32 0 41 43 80 49 11 84 81 
53 46 83 112 11 53 80 13 52 40 79 93 77 74 1 76 73 39 115 51 42 44 0 88 7 36 103 45 55 44 
11 40 71 42 40 38 47 76 41 14 37 16 42 44 80 44 75 49 83 8 46 36 0 41 43 47 50 10 79 81 
53 44 81 117 46 55 83 15 53 37 77 101 79 74 2 76 75 42 111 57 89 44 0 88 37 41 76 46 89 45 
11 39 64 73 47 39 49 72 39 10 51 47 41 47 75 40 84 50 75 5 9 35 0 42 13 102 45 86 78 83 
54 75 76 114 47 52 83 17 54 37 45 86 117 96 2 39 75 45 100 59 82 43 0 89 39 69 74 14 96 10 
13 44 66 45 42 37 45 75 39 5 43 48 72 47 75 41 76 47 9 5 44 6 0 41 12 105 45 81 78 81 
19 75 82 77 85 54 83 15 55 46 49 81 86 72 2 78 69 93 75 63 83 48 0 121 13 40 67 16 94 6 
14 10 67 79 43 36 82 81 41 9 42 48 70 47 85 50 111 41 54 5 44 34 0 42 13 110 43 48 78 42 
13 78 48 73 47 52 85 14 53 6 46 81 91 73 7 41 7 64 78 56 80 45 0 88 16 36 68 9 86 82 
50 11 68 86 45 36 40 81 43 39 44 47 66 46 79 54 112 14 82 38 44 40 0 40 15 68 46 79 83 42 
13 78 51 75 45 50 87 16 47 11 43 80 81 75 8 42 73 62 115 25 109 39 0 90 13 42 63 9 92 8 
43 12 68 80 80 38 43 81 42 42 44 44 70 43 81 50 83 45 77 37 54 32 0 40 47 116 49 78 40 45 
13 78 79 85 78 51 84 16 55 15 49 85 54 43 7 41 70 35 81 17 73 45 0 90 13 38 69 7 86 51 
44 11 101 85 81 36 53 75 41 35 41 51 44 45 50 116 77 65 74 7 46 32 0 39 43 109 11 77 105 5 
13 72 79 76 75 54 75 21 52 39 44 80 47 43 5 3 73 37 81 26 72 45 0 123 12 36 73 9 72 52 
42 46 103 85 75 42 44 75 41 33 39 52 40 48 47 55 73 71 74 42 80 4 0 38 43 87 47 80 107 4 
