5.51436 7.11564 2.21821 6
5.91422 5.51707 3.48376 2
9.87136 6.57559 3.89171 3
9.87136 8.25034 4.31277 11
7.95549 10 6.47632 2
7.95549 10 4.69964 15
7.95549 10 3.79107 1
9.04828 10 3.79107 5
10 10 3.79107 5
10 10 4.84552 11
10 10 4.84552 10
10 8.88964 8.17826 2
10 7.76148 8.17826 8
8.34174 7.76148 9.60597 6
4.62098 10 10 6
2.32451 10 10 1
1.90019 10 9.40113 5
1.85602 10 7.61527 3
0.221902 10 8.43882 7
1.07393 10 9.79402 12
2.85633 9.19185 9.79402 2
3.3083 9.8021 4.06889 4
2.81476 10 5.37261 12
2.81476 10 4.22884 7
4.13082 10 3.60159 14
4.13082 10 3.70721 2
10 9.83622 2.1805 5
10 9.83622 4.12001 9
8.88761 9.83622 5.55863 7
9.30385 9.83622 3.85992 15
7.39436 10 5.91325 3
8.20594 10 5.91325 3
9.90575 10 5.91325 5
9.46655 10 5.51296 5
7.79734 9.36201 5.51296 5
9.33545 9.36201 7.1779 1
9.3613 9.36201 7.1779 3
9.3613 7.37127 7.11334 5
9.3613 4.39277 5.38416 5
10 4.39277 3.45404 11
9.71713 7.61328 7.24393 1
6.21422 5.05713 5.9449 1
10 4.19562 7.1677 6
8.28543 5.12501 7.1677 7
10 7.69165 8.97064 10
10 10 9.58616 5
10 9.78845 9.58616 5
5.70419 10 10 4
5.51505 10 10 8
5.51505 10 10 3
5.31011 10 10 5
5.31011 10 9.03117 6
6.29978 10 9.03117 13
8.80905 10 9.03117 3
6.28067 10 10 7
5.53255 10 10 3
5.14672 10 10 2
9.83807 8.29919 10 5
4.36691 10 9.67024 2
2.597 8.3758 7.14246 5
1.98075 10 4.56192 2
0.678453 10 4.56192 1
2.04061 10 5.82153 9
2.37737 10 5.82153 1
2.82511 10 2.66124 10
2.11135 8.21083 0.755212 14
1.81734 4.54561 0 15
5.12334 3.56189 3.17879 1
8.61616 4.25017 2.07285 1
8.61616 4.25017 3.2594 5
9.75973 7.46226 4.91536 1
10 5.87907 3.8463 4
7.38308 5.87907 4.10989 2
6.98147 8.80661 2.47219 4
10 7.2112 0 5
7.77056 6.32823 0 1
10 6.32823 0 3
7.00795 5.44198 0 3
8.79747 6.26775 0 1
2.62503 10 0 1
3.47438 8.15998 1.95388 3
3.51432 8.37964 3.7016 1
4.36315 10 2.98583 1
3.27501 8.80339 1.74857 2
5.71926 5.96629 0.948587 1
7.70301 5.56233 4.27689 1
7.97281 5.56233 4.52044 5
9.39208 8.86549 6.45215 12
7.86401 9.77941 6.45215 11
7.86401 10 5.54347 4
6.62867 10 5.54347 5
8.93806 10 4.78152 12
10 10 5.98317 1
10 10 5.98317 1
10 10 5.98317 5
10 10 5.98317 4
9.37468 10 5.98317 5
10 10 5.98317 11
10 10 6.58421 3
9.24532 10 6.58421 5
8.31833 10 6.58421 14
5.72751 7.91343 7.60363 7
6.99304 9.99853 7.30015 6
8.47723 9.99853 9.26809 1
5.44013 10 10 4
5.77557 10 10 6
7.18973 0.850204 10 1
8.64104 8.38621 9.9394 6
3.24543 8.41624 7.86822 2
5.23637 10 7.19357 7
8.63243 7.46156 5.79696 15
5.90242 7.46156 5.79696 7
8.00789 7.17004 3.90182 1
10 7.17004 4.13325 3
9.4396 7.17004 2.3935 4
8.73402 7.17004 7.26134 2
2.51581 10 0 2
3.78355 10 0 1
3.081 10 0.245017 8
4.99751 9.82533 2.73146 7
4.49353 6.03865 5.29035 3
2.51745 9.24799 5.03218 8
4.12959 10 4.52193 21
2.0854 10 5.55305 9
2.39454 10 5.55305 3
1.96394 9.78133 5.55305 8
0.612451 10 4.18823 8
2.49508 10 4.18823 4
1.82047 10 6.71479 7
1.82047 10 6.71479 9
3.6573 10 7.01247 2
3.6573 10 7.01247 4
10 7.34106 9.8358 3
10 6.22762 9.8358 3
9.78106 6.51978 9.8358 2
10 6.51978 9.8358 4
10 3.27806 10 1
8.6812 3.18588 10 3
6.74014 3.18588 10 4
7.51801 5.56924 5.12833 1
2.60724 1.92348 9.75663 8
6.36708 4.60217 8.69769 5
6.5419 4.60217 10 2
6.88001 4.99496 10 2
4.05695 9.47988 10 4
3.1608 10 10 7
3.58559 10 10 3
6.2858 8.32436 9.29921 12
8.8486 9.47433 9.39716 2
8.8486 9.48032 9.39716 23
8.05375 9.48032 9.39716 3
10 5.76475 8.3645 1
10 5.76475 8.3645 3
9.15381 7.25687 6.26284 6
9.94671 7.25687 7.67593 2
10 5.55118 6.09357 1
9.30804 7.48694 7.29923 2
9.25061 6.34319 8.48759 4
9.82944 6.34319 8.48759 8
7.26423 8.12407 3.13974 3
7.8209 7.66257 3.13974 5
9.04849 7.66257 2.5911 14
7.7996 7.66257 1.60608 1
7.43046 7.66257 1.60608 2
6.18004 9.14497 0 8
5.45471 10 2.26342 7
6.58344 10 3.89046 2
7.94916 10 2.49986 10
7.94916 10 1.18652 2
10 10 0 17
10 10 0 9
10 9.5273 0 17
10 10 0 16
10 10 0 9
10 10 1.89536 3
10 10 1.89536 9
10 9.74395 1.89536 3
10 9.74395 1.89536 3
10 9.74395 1.89536 14
10 9.74395 1.89536 4
10 8.33718 3.66507 1
8.34288 9.94696 3.66507 1
8.87935 9.94696 4.19023 4
10 9.94696 4.19023 2
10 9.94696 4.19023 9
10 9.94696 4.71198 7
9.60582 9.94696 4.71198 16
10 9.94696 4.71198 11
10 9.94696 4.71198 19
10 9.26752 6.07644 7
10 9.26752 6.07644 14
10 9.26752 6.07644 11
10 9.26752 6.07644 4
10 9.26752 5.70593 1
10 9.26752 6.53665 2
10 10 6.53665 6
10 10 6.53665 14
10 10 6.53665 14
10 10 6.53665 18
8.67955 10 6.53665 9
9.95707 10 6.53665 4
9.95707 10 5.89414 11
10 10 5.89414 8
10 10 5.89414 10
10 10 5.89414 1
10 10 5.65607 1
10 10 5.65607 13
10 10 5.65607 9
8.60797 10 5.65607 8
8.60797 8.02444 5.65607 1
8.96164 8.02444 5.65607 1
8.96164 8.02444 6.57636 8
8.41836 8.02444 6.57636 3
8.19668 9.20007 4.86128 3
9.33743 9.20007 4.86128 5
9.33743 10 4.86128 6
9.33743 10 6.52907 13
9.33743 10 5.13076 5
9.45917 10 5.13076 5
10 10 5.13076 5
10 10 5.13076 5
9.47147 10 5.13076 11
10 10 5.13076 17
10 10 4.38949 10
10 10 4.38949 6
10 10 4.38949 10
10 10 4.44791 11
10 10 3.38742 11
10 10 3.38742 27
10 10 3.38742 25
10 10 3.38742 12
10 10 3.38742 16
9.62998 10 3.38742 18
8.7283 10 3.38742 16
10 10 3.38742 12
10 10 3.38742 5
10 10 3.17884 7
8.46578 10 3.17884 16
8.46578 10 1.88808 10
9.44178 10 1.88808 13
10 10 1.88808 13
10 10 1.88808 11
10 10 1.88808 12
10 10 1.94377 8
10 10 3.3228 12
10 9.41281 3.3228 12
10 9.41281 3.3228 13
10 10 3.3228 19
8.90618 10 3.3228 19
10 10 3.3228 13
9.83646 10 3.3228 16
10 10 3.3228 20
10 10 2.52577 21
10 10 2.52577 27
